# GH excitable media test

# Run settings
pixels_per_node    = 10
speedup_factor     = 10
debug              = False
rng_seed           = 12312313
max_duration       = 100000
fps                = 60
node_display       = Color
draw_cell_borders  = No

# Transition rules
!START_TOTALISTIC_RULES
!INCLUDE GH_synchronous_emulation_rule.txt
!END_TOTALISTIC_RULES

!START_COLORMAP
{Q} 0: (230,230,230)
{A} 5: (255, 0, 0)
{R} 1: (0, 100, 255)
!END_COLORMAP

# Spiral wave
!START_INIT_STATE
0 0 0 0 0 0 0 0 0 0 0 0 0 0 0 0 0 0 0 0 0 0 0 0 0 0 0 0 0 0 0 0 0 0 0 0 0 0 0 0 0 0 0 0 0 0 0 0 0 0 0 0 0 0 0 0 0 0 0 0 0 0 0 0
0 0 0 0 0 0 0 0 0 0 0 0 0 0 0 0 0 0 0 0 0 0 0 0 0 0 0 0 0 0 0 0 0 0 0 0 0 0 0 0 0 0 0 0 0 0 0 0 0 0 0 0 0 0 0 0 0 0 0 0 0 0 0 0
0 0 0 0 0 0 0 0 0 0 0 0 0 0 0 0 0 0 0 0 0 0 0 0 0 0 0 0 0 0 0 0 0 0 0 0 0 0 0 0 0 0 0 0 0 0 0 0 0 0 0 0 0 0 0 0 0 0 0 0 0 0 0 0
0 0 0 0 0 0 0 0 0 0 0 0 0 0 0 0 0 0 0 0 0 0 0 0 0 0 0 0 0 0 0 0 0 0 0 0 0 0 0 0 0 0 0 0 0 0 0 0 0 0 0 0 0 0 0 0 0 0 0 0 0 0 0 0
0 0 0 0 0 0 0 0 0 0 0 0 0 0 0 0 0 0 0 0 0 0 0 0 0 0 0 0 0 0 0 0 0 0 0 0 0 0 0 0 0 0 0 0 0 0 0 0 0 0 0 0 0 0 0 0 0 0 0 0 0 0 0 0
0 0 0 0 0 0 0 0 0 0 0 0 0 0 0 0 0 0 0 0 0 0 0 0 0 0 0 0 0 0 0 0 0 0 0 0 0 0 0 0 0 0 0 0 0 0 0 0 0 0 0 0 0 0 0 0 0 0 0 0 0 0 0 0
0 0 0 0 0 0 0 0 0 0 0 0 0 0 0 0 0 0 0 0 0 0 0 0 0 0 0 0 0 0 0 0 0 0 0 0 0 0 0 0 0 0 0 0 0 0 0 0 0 0 0 0 0 0 0 0 0 0 0 0 0 0 0 0
0 0 0 0 0 0 0 0 0 0 0 0 0 0 0 0 0 0 0 0 0 0 0 0 0 0 0 0 0 0 0 0 0 0 0 0 0 0 0 0 0 0 0 0 0 0 0 0 0 0 0 0 0 0 0 0 0 0 0 0 0 0 0 0
0 0 0 0 0 0 0 0 0 0 0 0 0 0 0 0 0 0 0 0 0 0 0 0 0 0 0 0 0 0 0 0 0 0 0 0 0 0 0 0 0 0 0 0 0 0 0 0 0 0 0 0 0 0 0 0 0 0 0 0 0 0 0 0
0 0 0 0 0 0 0 0 0 0 0 0 0 0 0 0 0 0 0 0 0 0 0 0 0 0 0 0 0 0 0 0 0 0 0 0 0 0 0 0 0 0 0 0 0 0 0 0 0 0 0 0 0 0 0 0 0 0 0 0 0 0 0 0
0 0 0 0 0 0 0 0 0 0 0 0 0 0 0 0 0 0 0 0 0 0 0 0 0 0 0 0 0 0 0 0 0 0 0 0 0 0 0 0 0 0 0 0 0 0 0 0 0 0 0 0 0 0 0 0 0 0 0 0 0 0 0 0
0 0 0 0 0 0 0 0 0 0 0 0 0 0 0 0 0 0 0 0 0 0 0 0 0 0 0 0 0 0 0 0 0 0 0 0 0 0 0 0 0 0 0 0 0 0 0 0 0 0 0 0 0 0 0 0 0 0 0 0 0 0 0 0
0 0 0 0 0 0 0 0 0 0 0 0 0 0 0 0 0 0 0 0 0 0 0 0 0 0 0 0 0 0 0 0 0 0 0 0 0 0 0 0 0 0 0 0 0 0 0 0 0 0 0 0 0 0 0 0 0 0 0 0 0 0 0 0
0 0 0 0 0 0 0 0 0 0 0 0 0 0 0 0 0 0 0 0 0 0 0 0 0 0 0 0 0 0 0 0 0 0 0 0 0 0 0 0 0 0 0 0 0 0 0 0 0 0 0 0 0 0 0 0 0 0 0 0 0 0 0 0
0 0 0 0 0 0 0 0 0 0 0 0 0 0 0 0 0 0 0 0 0 0 0 0 0 0 0 0 0 0 0 0 0 0 0 0 0 0 0 0 0 0 0 0 0 0 0 0 0 0 0 0 0 0 0 0 0 0 0 0 0 0 0 0
0 0 0 0 0 0 0 0 0 0 0 0 0 0 0 0 0 0 0 0 0 0 0 0 0 0 0 0 0 0 0 0 0 0 0 0 0 0 0 0 0 0 0 0 0 0 0 0 0 0 0 0 0 0 0 0 0 0 0 0 0 0 0 0
0 0 0 0 0 0 0 0 0 0 0 0 0 0 0 0 0 0 0 0 0 0 0 0 0 0 0 0 0 0 0 0 0 0 0 0 0 0 0 0 0 0 0 0 0 0 0 0 0 0 0 0 0 0 0 0 0 0 0 0 0 0 0 0
0 0 0 0 0 0 0 0 0 0 0 0 0 0 0 0 0 0 0 0 0 0 0 0 0 0 0 0 0 0 0 0 0 0 0 0 0 0 0 0 0 0 0 0 0 0 0 0 0 0 0 0 0 0 0 0 0 0 0 0 0 0 0 0
0 0 0 0 0 0 0 0 0 0 0 0 0 0 0 0 0 0 0 0 0 0 0 0 0 0 0 0 0 0 0 0 0 0 0 0 0 0 0 0 0 0 0 0 0 0 0 0 0 0 0 0 0 0 0 0 0 0 0 0 0 0 0 0
0 0 0 0 0 0 0 0 0 0 0 0 0 0 0 0 0 0 0 0 0 0 0 0 0 0 0 0 0 0 0 0 0 0 0 0 0 0 0 0 0 0 0 0 0 0 0 0 0 0 0 0 0 0 0 0 0 0 0 0 0 0 0 0
0 0 0 0 0 0 0 0 0 0 0 0 0 0 0 0 0 0 0 0 0 0 0 0 0 0 0 0 0 0 0 0 0 0 0 0 0 0 0 0 0 0 0 0 0 0 0 0 0 0 0 0 0 0 0 0 0 0 0 0 0 0 0 0
0 0 0 0 0 0 0 0 0 0 0 0 0 0 0 0 0 0 0 0 0 0 0 0 0 0 0 0 0 0 0 0 0 0 0 0 0 0 0 0 0 0 0 0 0 0 0 0 0 0 0 0 0 0 0 0 0 0 0 0 0 0 0 0
0 0 0 0 0 0 0 0 0 0 0 0 0 0 0 0 0 0 0 0 0 0 0 0 0 0 0 0 0 0 0 0 0 0 0 0 0 0 0 0 0 0 0 0 0 0 0 0 0 0 0 0 0 0 0 0 0 0 0 0 0 0 0 0
0 0 0 0 0 0 0 0 0 0 0 0 0 0 0 0 0 0 0 0 0 0 0 0 0 0 0 0 0 0 0 0 0 0 0 0 0 0 0 0 0 0 0 0 0 0 0 0 0 0 0 0 0 0 0 0 0 0 0 0 0 0 0 0
0 0 0 0 0 0 0 0 0 0 0 0 0 0 0 0 0 0 0 0 0 0 0 0 0 0 0 0 0 0 0 0 0 0 0 0 0 0 0 0 0 0 0 0 0 0 0 0 0 0 0 0 0 0 0 0 0 0 0 0 0 0 0 0
0 0 0 0 0 0 0 0 0 0 0 0 0 0 0 0 0 0 0 0 0 0 0 0 0 0 0 0 0 0 0 0 0 0 0 0 0 0 0 0 0 0 0 0 0 0 0 0 0 0 0 0 0 0 0 0 0 0 0 0 0 0 0 0
0 0 0 0 0 0 0 0 0 0 0 0 0 0 0 0 0 0 0 0 0 0 0 0 0 0 0 0 0 0 0 0 0 0 0 0 0 0 0 0 0 0 0 0 0 0 0 0 0 0 0 0 0 0 0 0 0 0 0 0 0 0 0 0
0 0 0 0 0 0 0 0 0 0 0 0 0 0 0 0 0 0 0 0 0 0 0 0 0 0 0 0 0 0 0 0 0 0 0 0 0 0 0 0 0 0 0 0 0 0 0 0 0 0 0 0 0 0 0 0 0 0 0 0 0 0 0 0
0 0 0 0 0 0 0 0 0 0 0 0 0 0 0 0 0 0 0 0 0 0 0 0 0 0 0 0 0 0 0 0 0 0 0 0 0 0 0 0 0 0 0 0 0 0 0 0 0 0 0 0 0 0 0 0 0 0 0 0 0 0 0 0
0 0 0 0 0 0 0 0 0 0 0 0 0 0 0 0 0 0 0 0 0 0 0 0 0 0 0 0 0 0 0 0 0 0 0 0 0 0 0 0 0 0 0 0 0 0 0 0 0 0 0 0 0 0 0 0 0 0 0 0 0 0 0 0
0 0 0 0 0 0 0 0 0 0 0 0 0 0 0 0 0 0 0 0 0 0 0 0 0 0 0 0 0 0 0 0 5 5 5 5 5 5 5 5 5 5 5 5 5 5 5 5 5 5 5 5 5 5 5 5 5 5 5 5 5 5 5 5
0 0 0 0 0 0 0 0 0 0 0 0 0 0 0 0 0 0 0 0 0 0 0 0 0 0 0 0 0 0 0 0 1 1 1 1 1 1 1 1 1 1 1 1 1 1 1 1 1 1 1 1 1 1 1 1 1 1 1 1 1 1 1 1
0 0 0 0 0 0 0 0 0 0 0 0 0 0 0 0 0 0 0 0 0 0 0 0 0 0 0 0 0 0 0 0 0 0 0 0 0 0 0 0 0 0 0 0 0 0 0 0 0 0 0 0 0 0 0 0 0 0 0 0 0 0 0 0
0 0 0 0 0 0 0 0 0 0 0 0 0 0 0 0 0 0 0 0 0 0 0 0 0 0 0 0 0 0 0 0 0 0 0 0 0 0 0 0 0 0 0 0 0 0 0 0 0 0 0 0 0 0 0 0 0 0 0 0 0 0 0 0
0 0 0 0 0 0 0 0 0 0 0 0 0 0 0 0 0 0 0 0 0 0 0 0 0 0 0 0 0 0 0 0 0 0 0 0 0 0 0 0 0 0 0 0 0 0 0 0 0 0 0 0 0 0 0 0 0 0 0 0 0 0 0 0
0 0 0 0 0 0 0 0 0 0 0 0 0 0 0 0 0 0 0 0 0 0 0 0 0 0 0 0 0 0 0 0 0 0 0 0 0 0 0 0 0 0 0 0 0 0 0 0 0 0 0 0 0 0 0 0 0 0 0 0 0 0 0 0
0 0 0 0 0 0 0 0 0 0 0 0 0 0 0 0 0 0 0 0 0 0 0 0 0 0 0 0 0 0 0 0 0 0 0 0 0 0 0 0 0 0 0 0 0 0 0 0 0 0 0 0 0 0 0 0 0 0 0 0 0 0 0 0
0 0 0 0 0 0 0 0 0 0 0 0 0 0 0 0 0 0 0 0 0 0 0 0 0 0 0 0 0 0 0 0 0 0 0 0 0 0 0 0 0 0 0 0 0 0 0 0 0 0 0 0 0 0 0 0 0 0 0 0 0 0 0 0
0 0 0 0 0 0 0 0 0 0 0 0 0 0 0 0 0 0 0 0 0 0 0 0 0 0 0 0 0 0 0 0 0 0 0 0 0 0 0 0 0 0 0 0 0 0 0 0 0 0 0 0 0 0 0 0 0 0 0 0 0 0 0 0
0 0 0 0 0 0 0 0 0 0 0 0 0 0 0 0 0 0 0 0 0 0 0 0 0 0 0 0 0 0 0 0 0 0 0 0 0 0 0 0 0 0 0 0 0 0 0 0 0 0 0 0 0 0 0 0 0 0 0 0 0 0 0 0
0 0 0 0 0 0 0 0 0 0 0 0 0 0 0 0 0 0 0 0 0 0 0 0 0 0 0 0 0 0 0 0 0 0 0 0 0 0 0 0 0 0 0 0 0 0 0 0 0 0 0 0 0 0 0 0 0 0 0 0 0 0 0 0
0 0 0 0 0 0 0 0 0 0 0 0 0 0 0 0 0 0 0 0 0 0 0 0 0 0 0 0 0 0 0 0 0 0 0 0 0 0 0 0 0 0 0 0 0 0 0 0 0 0 0 0 0 0 0 0 0 0 0 0 0 0 0 0
0 0 0 0 0 0 0 0 0 0 0 0 0 0 0 0 0 0 0 0 0 0 0 0 0 0 0 0 0 0 0 0 0 0 0 0 0 0 0 0 0 0 0 0 0 0 0 0 0 0 0 0 0 0 0 0 0 0 0 0 0 0 0 0
0 0 0 0 0 0 0 0 0 0 0 0 0 0 0 0 0 0 0 0 0 0 0 0 0 0 0 0 0 0 0 0 0 0 0 0 0 0 0 0 0 0 0 0 0 0 0 0 0 0 0 0 0 0 0 0 0 0 0 0 0 0 0 0
0 0 0 0 0 0 0 0 0 0 0 0 0 0 0 0 0 0 0 0 0 0 0 0 0 0 0 0 0 0 0 0 0 0 0 0 0 0 0 0 0 0 0 0 0 0 0 0 0 0 0 0 0 0 0 0 0 0 0 0 0 0 0 0
0 0 0 0 0 0 0 0 0 0 0 0 0 0 0 0 0 0 0 0 0 0 0 0 0 0 0 0 0 0 0 0 0 0 0 0 0 0 0 0 0 0 0 0 0 0 0 0 0 0 0 0 0 0 0 0 0 0 0 0 0 0 0 0
0 0 0 0 0 0 0 0 0 0 0 0 0 0 0 0 0 0 0 0 0 0 0 0 0 0 0 0 0 0 0 0 0 0 0 0 0 0 0 0 0 0 0 0 0 0 0 0 0 0 0 0 0 0 0 0 0 0 0 0 0 0 0 0
0 0 0 0 0 0 0 0 0 0 0 0 0 0 0 0 0 0 0 0 0 0 0 0 0 0 0 0 0 0 0 0 0 0 0 0 0 0 0 0 0 0 0 0 0 0 0 0 0 0 0 0 0 0 0 0 0 0 0 0 0 0 0 0
0 0 0 0 0 0 0 0 0 0 0 0 0 0 0 0 0 0 0 0 0 0 0 0 0 0 0 0 0 0 0 0 0 0 0 0 0 0 0 0 0 0 0 0 0 0 0 0 0 0 0 0 0 0 0 0 0 0 0 0 0 0 0 0
0 0 0 0 0 0 0 0 0 0 0 0 0 0 0 0 0 0 0 0 0 0 0 0 0 0 0 0 0 0 0 0 0 0 0 0 0 0 0 0 0 0 0 0 0 0 0 0 0 0 0 0 0 0 0 0 0 0 0 0 0 0 0 0
0 0 0 0 0 0 0 0 0 0 0 0 0 0 0 0 0 0 0 0 0 0 0 0 0 0 0 0 0 0 0 0 0 0 0 0 0 0 0 0 0 0 0 0 0 0 0 0 0 0 0 0 0 0 0 0 0 0 0 0 0 0 0 0
0 0 0 0 0 0 0 0 0 0 0 0 0 0 0 0 0 0 0 0 0 0 0 0 0 0 0 0 0 0 0 0 0 0 0 0 0 0 0 0 0 0 0 0 0 0 0 0 0 0 0 0 0 0 0 0 0 0 0 0 0 0 0 0
0 0 0 0 0 0 0 0 0 0 0 0 0 0 0 0 0 0 0 0 0 0 0 0 0 0 0 0 0 0 0 0 0 0 0 0 0 0 0 0 0 0 0 0 0 0 0 0 0 0 0 0 0 0 0 0 0 0 0 0 0 0 0 0
0 0 0 0 0 0 0 0 0 0 0 0 0 0 0 0 0 0 0 0 0 0 0 0 0 0 0 0 0 0 0 0 0 0 0 0 0 0 0 0 0 0 0 0 0 0 0 0 0 0 0 0 0 0 0 0 0 0 0 0 0 0 0 0
0 0 0 0 0 0 0 0 0 0 0 0 0 0 0 0 0 0 0 0 0 0 0 0 0 0 0 0 0 0 0 0 0 0 0 0 0 0 0 0 0 0 0 0 0 0 0 0 0 0 0 0 0 0 0 0 0 0 0 0 0 0 0 0
0 0 0 0 0 0 0 0 0 0 0 0 0 0 0 0 0 0 0 0 0 0 0 0 0 0 0 0 0 0 0 0 0 0 0 0 0 0 0 0 0 0 0 0 0 0 0 0 0 0 0 0 0 0 0 0 0 0 0 0 0 0 0 0
0 0 0 0 0 0 0 0 0 0 0 0 0 0 0 0 0 0 0 0 0 0 0 0 0 0 0 0 0 0 0 0 0 0 0 0 0 0 0 0 0 0 0 0 0 0 0 0 0 0 0 0 0 0 0 0 0 0 0 0 0 0 0 0
0 0 0 0 0 0 0 0 0 0 0 0 0 0 0 0 0 0 0 0 0 0 0 0 0 0 0 0 0 0 0 0 0 0 0 0 0 0 0 0 0 0 0 0 0 0 0 0 0 0 0 0 0 0 0 0 0 0 0 0 0 0 0 0
0 0 0 0 0 0 0 0 0 0 0 0 0 0 0 0 0 0 0 0 0 0 0 0 0 0 0 0 0 0 0 0 0 0 0 0 0 0 0 0 0 0 0 0 0 0 0 0 0 0 0 0 0 0 0 0 0 0 0 0 0 0 0 0
0 0 0 0 0 0 0 0 0 0 0 0 0 0 0 0 0 0 0 0 0 0 0 0 0 0 0 0 0 0 0 0 0 0 0 0 0 0 0 0 0 0 0 0 0 0 0 0 0 0 0 0 0 0 0 0 0 0 0 0 0 0 0 0
0 0 0 0 0 0 0 0 0 0 0 0 0 0 0 0 0 0 0 0 0 0 0 0 0 0 0 0 0 0 0 0 0 0 0 0 0 0 0 0 0 0 0 0 0 0 0 0 0 0 0 0 0 0 0 0 0 0 0 0 0 0 0 0
0 0 0 0 0 0 0 0 0 0 0 0 0 0 0 0 0 0 0 0 0 0 0 0 0 0 0 0 0 0 0 0 0 0 0 0 0 0 0 0 0 0 0 0 0 0 0 0 0 0 0 0 0 0 0 0 0 0 0 0 0 0 0 0
!END_INIT_STATE

# Random init
#!START_INIT_STATE
#0 0 1 0 0 0 0 0 0 0 1 0 0 0 0 5 0 0 0 5 1 1 0 0 0 0 0 1 0 0 0 0 0 0 0 0 1 0 0 0 0 0 0 0 0 0 0 0 0 0 0 0 0 1 0 0 0 0 0 0 0 0 0 0
#0 0 0 0 5 0 0 1 0 0 0 0 0 5 0 1 0 0 0 5 0 1 0 0 0 0 0 0 0 0 1 0 1 1 0 0 0 0 0 5 0 0 0 0 0 5 0 0 0 0 5 1 0 0 0 0 0 0 5 0 0 1 0 0
#0 0 0 0 0 0 0 0 5 0 0 0 0 0 0 1 5 0 0 5 0 5 5 0 0 0 0 0 0 0 0 0 1 0 0 0 0 5 0 0 0 0 0 0 0 0 0 0 5 0 1 0 0 0 1 0 0 5 0 0 0 0 0 0
#0 0 0 0 0 0 0 0 0 0 0 0 0 5 0 0 0 0 5 0 0 5 0 0 0 0 5 0 0 0 5 0 0 1 0 0 1 0 0 0 0 0 5 0 1 0 1 0 1 0 0 0 0 0 0 0 0 0 0 0 0 0 0 0
#0 0 0 0 0 0 0 0 0 5 0 0 0 0 1 0 5 0 0 0 0 0 0 0 0 0 0 5 1 0 0 5 0 1 5 0 0 0 0 0 5 0 0 1 0 5 1 0 0 0 0 0 0 1 1 0 0 0 0 0 0 0 5 0
#0 5 0 0 0 0 0 5 1 1 5 0 0 0 0 0 0 0 0 0 0 0 1 5 1 1 0 5 0 0 0 5 0 0 0 5 0 0 0 1 0 1 0 0 0 0 0 0 0 0 0 0 0 0 1 0 5 5 0 0 0 0 5 0
#0 0 0 0 0 0 0 0 0 5 0 0 0 0 0 0 0 0 0 0 0 0 5 0 0 0 0 0 0 5 1 0 0 1 1 0 0 0 0 0 0 1 1 0 0 0 0 1 0 0 0 0 0 0 0 0 0 5 1 0 0 5 1 0
#1 0 0 0 1 0 0 0 5 5 0 1 1 1 0 1 0 0 0 0 0 0 0 0 0 1 0 0 5 0 0 0 0 0 0 0 0 0 0 0 0 0 0 0 0 0 0 1 0 1 5 0 1 0 5 0 0 0 0 0 0 0 0 0
#0 0 0 0 0 0 0 0 0 5 5 0 0 0 0 0 5 0 0 0 0 5 0 0 0 1 0 0 0 0 0 0 5 1 0 0 0 0 0 0 5 0 0 0 0 0 1 0 1 1 1 0 0 0 0 0 0 5 0 5 0 0 1 0
#0 1 0 0 0 0 0 1 0 0 0 0 0 1 1 0 0 0 0 0 0 0 0 0 0 1 0 1 0 0 1 1 1 0 1 0 0 0 0 0 0 0 0 1 0 1 0 0 0 0 0 1 0 0 0 0 0 0 0 0 0 0 1 0
#5 0 0 0 0 0 0 0 0 5 5 0 0 0 0 5 0 0 5 0 0 0 0 0 0 5 5 0 0 0 0 0 0 0 0 0 0 1 1 0 0 0 5 5 5 0 0 0 0 0 0 5 0 0 0 0 0 0 0 5 0 0 0 0
#0 0 1 0 1 0 0 0 0 0 0 5 1 1 0 0 0 0 1 0 0 0 0 0 0 0 0 1 0 0 5 0 0 0 1 0 0 0 0 0 1 0 0 0 0 0 0 0 0 0 0 5 0 0 0 0 0 0 1 5 1 0 0 0
#0 0 1 0 0 0 0 0 0 0 0 0 0 0 0 0 0 0 0 0 0 5 0 5 0 0 0 1 5 0 0 0 0 0 0 0 0 0 0 0 0 5 0 5 0 5 0 0 0 5 5 0 0 0 0 0 5 0 0 0 0 0 5 1
#0 0 1 1 0 0 0 1 0 0 0 0 0 0 0 1 0 1 0 0 0 0 0 0 0 0 5 0 0 0 0 0 0 0 0 1 0 0 0 0 0 0 0 0 0 0 5 0 0 0 5 0 0 0 0 0 1 0 0 0 0 0 0 0
#0 0 0 0 5 0 0 1 0 1 0 1 0 0 0 1 0 5 0 0 0 0 0 0 0 0 0 0 0 0 5 0 0 1 0 0 0 0 0 0 0 0 0 5 0 1 0 5 0 1 5 0 0 0 0 0 0 1 0 1 0 0 0 0
#1 1 0 0 0 5 0 0 0 0 0 0 1 0 0 0 0 0 0 1 0 0 0 0 0 0 0 0 0 1 0 0 0 0 0 0 0 0 5 0 0 0 0 0 0 1 0 1 0 0 5 0 0 0 0 1 0 0 0 1 0 0 5 0
#0 1 0 0 0 0 0 0 0 0 0 0 0 0 0 0 1 0 0 0 0 0 5 0 0 0 0 0 1 0 0 0 0 5 1 0 0 0 0 0 1 0 0 0 0 0 0 0 0 0 0 0 0 0 0 1 0 5 0 0 0 0 0 0
#0 0 0 0 0 0 0 0 0 0 0 0 0 0 0 0 0 0 0 0 0 0 0 0 5 1 0 0 0 0 5 0 0 0 0 1 0 1 0 1 0 0 0 0 0 1 0 0 5 0 0 0 1 0 0 0 0 1 1 5 0 0 5 0
#0 0 0 0 0 0 1 0 0 1 0 0 0 0 0 0 0 0 0 0 0 0 0 0 1 0 0 0 0 1 0 5 1 1 5 0 0 0 5 0 0 0 0 1 0 0 5 0 0 1 0 5 0 0 1 0 0 1 0 0 0 0 5 0
#0 0 0 1 0 5 0 1 5 0 0 0 5 0 5 0 0 0 0 0 0 1 0 0 0 0 5 0 0 0 0 0 0 0 0 1 0 0 0 0 0 0 1 0 0 1 0 0 0 1 0 5 1 0 0 0 1 0 0 0 0 0 0 0
#0 0 5 0 0 0 0 0 0 0 0 5 0 0 0 5 0 0 0 0 0 0 0 0 0 1 1 0 0 0 0 0 0 0 0 0 0 0 5 5 0 5 5 0 1 0 0 1 0 0 0 0 0 0 0 1 0 0 0 0 0 0 5 0
#0 0 0 0 5 0 0 0 0 0 0 0 0 0 0 1 0 0 0 1 5 0 0 0 0 0 1 1 0 0 0 0 0 1 0 0 0 0 0 0 0 5 0 0 0 0 5 0 0 0 0 0 0 0 0 0 0 0 1 0 0 1 0 0
#0 0 0 0 0 0 0 0 0 1 0 0 0 0 0 0 0 1 0 0 0 1 0 0 5 1 0 5 0 0 1 0 0 0 1 0 0 1 5 0 0 0 0 0 0 0 0 0 0 5 0 0 0 5 0 0 0 0 0 0 0 0 1 5
#0 0 5 0 0 5 0 0 0 5 0 0 5 5 0 0 0 0 0 1 0 0 0 1 0 0 1 0 0 0 0 1 0 5 1 0 0 0 0 0 0 0 0 0 0 1 0 0 1 0 0 0 0 0 0 0 0 0 0 0 0 0 0 0
#5 0 1 0 0 0 0 1 0 0 0 0 0 0 0 0 0 0 0 0 0 0 0 0 0 0 0 0 1 5 0 0 0 0 0 0 1 5 0 0 0 0 0 5 0 0 0 0 0 0 0 0 0 1 0 0 0 0 0 0 5 0 1 0
#0 0 0 0 0 0 0 1 0 0 0 5 5 5 5 0 0 0 0 0 0 0 5 0 5 0 0 0 0 0 1 0 0 0 0 0 1 0 0 5 0 0 0 0 0 0 5 0 1 0 5 0 1 0 0 0 0 0 5 0 0 0 0 1
#1 0 0 0 0 0 0 0 0 1 0 5 0 5 0 0 0 5 0 1 0 0 0 0 0 0 5 0 5 0 0 1 0 0 5 0 0 0 0 1 0 0 0 0 5 0 0 5 1 5 0 0 0 0 0 0 5 0 5 5 0 1 0 0
#1 1 0 0 0 0 0 0 0 0 0 0 0 0 0 0 5 0 0 0 5 0 5 5 0 0 0 0 0 0 0 0 5 0 0 0 0 0 0 5 0 0 0 0 0 0 5 1 0 0 5 5 5 0 0 0 0 0 0 0 0 1 0 0
#0 0 1 0 0 0 0 0 1 0 0 0 0 0 0 0 0 0 0 1 1 0 0 0 0 0 0 1 0 0 5 0 0 0 0 0 0 5 0 0 0 0 0 0 0 0 5 0 0 0 1 1 0 0 0 0 0 0 0 0 0 0 0 0
#0 1 0 5 0 0 0 1 0 0 0 5 0 0 0 0 0 0 0 0 0 0 0 0 0 5 1 5 0 0 0 1 0 5 0 0 0 0 0 0 1 0 0 0 0 0 0 0 0 5 0 0 0 0 0 5 0 1 0 5 0 5 0 1
#0 0 0 0 0 0 1 0 0 1 5 0 0 0 0 0 0 0 0 0 0 1 0 0 0 0 0 5 1 0 0 0 0 0 0 0 0 0 0 0 1 0 5 0 0 0 0 0 0 1 0 0 0 1 0 0 5 0 0 1 0 0 0 0
#5 0 0 0 0 1 0 0 0 0 1 0 0 1 1 5 5 0 0 0 0 0 0 0 0 0 0 1 0 0 0 0 0 0 0 0 0 0 0 1 0 0 5 0 5 5 0 1 0 0 0 1 5 0 1 0 0 5 0 0 0 0 0 0
#1 0 5 5 0 1 0 1 0 0 0 5 1 0 0 0 0 0 0 0 0 0 0 0 0 0 0 0 0 1 0 0 0 0 0 0 0 1 0 0 5 5 0 1 5 0 5 0 1 1 0 0 0 0 0 0 0 0 0 0 0 5 0 0
#0 1 0 1 0 0 0 0 0 1 0 5 0 0 0 0 1 0 0 0 0 0 0 0 0 0 5 0 5 5 0 5 1 1 0 0 0 0 0 0 0 0 0 0 0 0 1 0 0 0 5 0 0 0 1 0 0 1 1 0 0 0 0 0
#0 0 0 0 0 0 0 0 0 0 5 0 0 1 0 0 0 0 1 0 0 0 5 0 0 0 0 5 0 0 0 0 0 0 0 0 0 1 0 0 0 1 0 0 0 0 0 0 0 5 0 0 0 0 0 0 5 0 0 1 0 0 0 1
#0 0 0 0 5 0 0 0 0 0 0 0 0 0 1 0 5 0 0 0 0 0 0 0 0 0 0 0 5 5 0 1 0 0 0 0 0 1 0 0 5 0 0 1 0 5 1 0 0 1 0 0 0 0 0 0 0 0 0 0 0 0 0 1
#0 0 0 0 5 0 0 0 0 1 0 5 0 0 0 0 1 0 0 0 0 1 0 0 5 0 1 0 0 0 5 0 0 0 0 0 0 0 5 0 0 1 5 0 0 0 1 0 0 0 0 0 5 0 0 0 0 0 0 0 1 0 0 0
#0 0 0 5 0 0 0 0 5 0 5 0 0 0 0 0 0 1 0 1 1 0 0 0 1 0 5 0 0 0 0 0 0 5 5 0 0 5 0 0 0 0 5 1 0 0 0 0 0 5 0 0 0 5 0 1 0 0 0 0 1 0 0 0
#1 0 0 0 0 0 0 0 0 0 1 0 0 5 0 1 0 0 0 0 0 0 0 0 1 0 0 0 0 0 0 0 1 1 0 0 0 0 0 0 0 0 0 0 5 0 0 0 0 0 5 0 0 0 0 0 5 0 0 0 0 0 5 0
#0 0 0 1 0 0 0 1 0 0 0 0 0 0 0 0 0 0 0 5 0 0 0 0 0 0 0 0 0 0 5 0 0 5 0 0 5 0 1 1 0 5 0 1 0 0 0 1 0 0 0 0 0 0 0 5 0 0 0 0 0 0 0 0
#0 0 0 1 0 0 0 0 0 0 0 0 1 0 0 0 0 0 1 0 0 0 0 1 0 0 0 5 0 1 0 0 0 0 0 0 5 0 0 1 0 1 0 0 0 0 0 0 5 0 0 1 5 0 0 1 0 0 1 0 0 0 0 0
#0 1 0 0 0 0 0 0 0 0 1 1 0 0 0 5 0 0 0 0 0 0 0 0 5 0 5 0 0 1 0 5 0 0 0 0 0 0 0 0 0 0 0 0 0 0 0 0 0 1 0 0 0 5 0 0 0 0 0 0 0 5 0 0
#0 0 0 0 0 0 0 0 0 0 0 0 0 0 0 0 0 5 1 0 5 1 0 0 0 0 0 0 0 0 0 0 0 0 0 0 5 1 0 5 0 0 0 0 0 0 0 0 0 0 5 5 1 0 5 0 0 0 5 5 0 0 0 1
#0 0 5 0 0 0 0 0 0 0 0 0 5 0 1 0 0 0 0 0 0 0 0 0 0 0 0 0 0 0 1 0 0 0 5 1 1 0 0 1 0 0 0 0 5 1 0 0 0 0 0 0 0 0 0 0 1 0 0 1 5 0 0 0
#0 0 0 0 0 0 0 0 0 0 0 0 0 0 0 0 0 0 0 0 0 0 0 0 0 0 0 0 1 0 0 5 0 0 0 0 0 0 0 0 0 0 0 0 1 0 0 0 0 1 0 0 5 0 1 0 0 0 0 5 0 0 0 5
#0 0 0 0 0 0 0 1 5 0 0 0 5 0 0 0 0 0 0 0 0 0 5 5 0 0 5 0 0 1 0 0 0 0 0 0 0 0 0 0 1 0 0 5 5 0 0 1 0 5 0 5 0 5 0 0 0 0 0 5 0 0 0 5
#0 0 1 0 0 1 0 0 0 0 0 0 1 1 5 0 0 0 0 0 0 0 0 0 0 0 1 0 1 0 0 5 0 0 0 0 0 1 0 0 0 0 0 1 0 0 0 0 0 0 0 0 5 1 0 5 0 0 0 0 0 5 0 5
#0 1 0 0 0 0 0 5 0 0 0 0 5 0 0 0 0 0 0 0 0 1 0 0 5 1 0 0 0 0 1 5 0 0 0 0 0 0 0 5 1 0 0 0 0 0 0 0 0 0 0 0 0 0 1 0 0 1 0 1 1 0 1 0
#0 0 0 5 0 5 0 0 0 0 0 0 0 0 0 0 0 0 0 0 0 0 0 0 5 0 0 0 0 0 0 0 5 0 0 0 5 1 0 0 0 0 0 0 1 0 0 0 0 0 5 0 1 0 0 0 0 0 1 0 5 0 0 0
#0 0 5 0 0 5 0 0 0 0 0 0 0 0 0 0 0 5 0 0 0 0 0 0 0 0 0 0 0 5 0 0 0 0 1 0 0 0 5 5 0 1 0 0 0 5 0 0 0 0 0 0 0 0 1 0 1 0 0 1 1 0 5 0
#5 0 0 0 0 1 0 0 0 0 0 0 0 0 0 0 0 0 0 0 5 0 0 0 0 0 5 0 0 0 0 0 5 0 0 0 5 1 0 0 5 0 0 0 5 0 0 0 5 0 0 0 0 0 0 0 0 0 0 0 0 0 0 0
#0 5 0 0 1 0 0 0 0 0 0 0 0 5 0 0 0 0 0 0 0 0 0 0 0 0 0 0 0 0 0 0 0 0 0 0 1 0 0 0 0 0 0 1 0 0 0 0 0 0 0 0 0 0 0 5 0 0 0 0 0 0 0 0
#0 1 0 0 0 0 0 0 0 0 5 0 1 0 1 0 0 0 0 0 5 0 0 1 1 1 1 0 0 0 0 5 0 0 0 5 0 0 0 0 0 0 0 0 5 1 0 0 0 0 5 0 0 0 0 0 0 0 0 0 5 0 0 0
#0 0 0 0 5 0 0 0 0 0 0 0 0 1 0 0 0 0 0 0 0 0 0 0 0 0 0 0 0 0 0 0 0 0 5 0 1 0 0 0 0 0 0 0 0 1 0 0 0 0 0 0 1 0 5 0 0 5 0 0 0 0 5 0
#1 0 0 0 0 0 5 0 0 0 0 0 0 0 0 0 0 0 0 5 5 1 1 0 0 0 0 0 5 0 0 0 0 0 5 5 0 1 0 1 0 0 0 0 0 0 0 0 0 0 0 0 1 0 0 0 0 0 0 0 0 0 5 5
#0 0 0 0 0 0 0 0 0 0 0 0 0 5 5 0 0 5 0 0 0 0 0 5 0 0 5 5 0 1 0 0 0 0 0 0 0 0 1 0 0 0 0 0 0 0 0 0 0 0 0 1 0 1 0 0 0 0 0 0 0 0 0 0
#0 0 0 1 0 0 1 5 1 1 5 0 0 0 0 0 0 0 1 0 0 1 0 5 0 0 0 0 1 5 5 0 1 5 5 1 0 0 0 1 0 0 0 0 0 1 0 0 0 0 0 0 0 0 0 0 0 0 0 0 0 0 1 0
#0 5 0 1 0 0 0 0 0 0 0 0 0 0 1 1 0 0 0 0 0 0 0 0 0 0 5 0 0 0 0 0 0 0 0 5 5 0 5 1 0 0 0 1 0 0 0 0 1 0 0 0 0 1 0 0 0 5 0 0 0 1 0 0
#0 0 0 0 0 0 0 0 0 0 0 0 5 0 0 0 0 0 5 0 0 0 0 0 0 0 1 1 0 0 0 0 0 0 0 1 5 0 0 0 0 0 5 0 0 0 0 0 5 0 0 0 5 0 0 0 0 1 0 0 1 0 5 0
#0 0 0 5 0 0 0 0 5 0 0 1 0 5 0 0 0 0 0 0 0 0 5 0 1 0 0 1 0 5 0 0 1 0 0 0 0 0 5 0 0 0 0 1 5 5 0 0 0 0 0 0 0 0 0 0 0 0 0 5 5 0 5 0
#0 0 5 0 5 0 0 0 0 0 0 1 0 0 0 0 0 0 0 0 1 0 0 0 0 5 0 0 0 0 0 5 0 0 0 5 0 0 0 0 0 0 0 0 5 0 0 0 0 0 0 5 0 0 0 1 0 0 1 0 5 5 1 0
#0 0 0 0 0 0 0 0 0 0 0 0 0 0 0 0 0 1 1 0 0 0 0 0 0 0 1 0 0 0 0 0 0 0 5 0 1 0 0 0 0 0 0 0 0 1 0 0 1 5 0 1 1 0 0 1 0 0 0 0 0 0 0 5
# !END_INIT_STATE
